%!PS
%%BoundingBox: 0 0 50 50 
%%HiResBoundingBox: 0 0 49.81308 49.81308 
%%Creator: MetaPost 2.00
%%CreationDate: 2019.01.31:1620
%%Pages: 1
%%BeginProlog
%%EndProlog
%%Page: 1 1
 0 0 0 setrgbcolor 0 0.99626 dtransform truncate idtransform setlinewidth pop
 [] 0 setdash 1 setlinecap 1 setlinejoin 10 setmiterlimit
newpath 26.42094 48.51805 moveto
29.41356 45.60733 31.1332 41.59015 31.1332 37.3598 curveto
31.1332 33.12947 29.41356 29.11229 26.42094 26.20157 curveto stroke
newpath 29.11757 39.61499 moveto
29.43217 38.89835 29.69449 38.15376 29.90015 37.38622 curveto
30.31514 35.83745 30.48358 34.25429 30.41637 32.69006 curveto
31.25668 34.01112 31.90239 35.46638 32.31738 37.01515 curveto
32.52304 37.7827 32.66817 38.55869 32.75404 39.33661 curveto
 closepath fill
newpath 23.39217 48.51805 moveto
20.39955 45.60733 18.67992 41.59015 18.67992 37.3598 curveto
18.67992 33.12947 20.39955 29.11229 23.39217 26.20157 curveto stroke
newpath 17.05907 39.33661 moveto
17.14494 38.55869 17.29007 37.7827 17.49573 37.01515 curveto
17.91072 35.46638 18.55643 34.01112 19.39674 32.69006 curveto
19.32953 34.25429 19.49797 35.83745 19.91296 37.38622 curveto
20.11862 38.15376 20.38094 38.89835 20.69554 39.61499 curveto
 closepath fill
newpath 22.9811 0.51227 moveto
12.35614 3.78554 4.98149 13.63568 4.98163 24.9069 curveto
4.98177 36.17789 12.35638 46.02766 22.98114 49.30083 curveto stroke
newpath 6.92937 22.70334 moveto
6.65862 23.43655 6.41951 24.18744 6.21396 24.9546 curveto
5.79942 26.50171 5.5362 28.05962 5.41661 29.61101 curveto
4.74448 28.20769 4.1935 26.72687 3.77893 25.17976 curveto
3.57335 24.4126 3.40498 23.64279 3.27287 22.8724 curveto
 closepath fill
newpath 26.83206 0.51222 moveto
37.45737 3.78517 44.83238 13.63544 44.83224 24.9069 curveto
44.8321 36.17812 37.4571 46.02802 26.83203 49.30089 curveto stroke
newpath 46.54103 22.87238 moveto
46.40892 23.64276 46.24055 24.4126 46.03497 25.17976 curveto
45.62039 26.7269 45.0694 28.20775 44.39725 29.6111 curveto
44.27768 28.05968 44.01443 26.50174 43.59988 24.9546 curveto
43.39433 24.18741 43.15523 23.43652 42.88445 22.70331 curveto
 closepath fill
newpath 26.42094 23.61151 moveto
29.41356 20.70079 31.1332 16.68361 31.1332 12.45326 curveto
31.1332 8.22293 29.41356 4.20575 26.42094 1.29503 curveto stroke
newpath 29.11757 14.70845 moveto
29.43217 13.9918 29.69449 13.24722 29.90015 12.47968 curveto
30.31514 10.93091 30.48358 9.34775 30.41637 7.78352 curveto
31.25668 9.10458 31.90239 10.55984 32.31738 12.10861 curveto
32.52304 12.87616 32.66817 13.65215 32.75404 14.43007 curveto
 closepath fill
newpath 23.39217 23.61151 moveto
20.39955 20.70079 18.67992 16.68361 18.67992 12.45326 curveto
18.67992 8.22293 20.39955 4.20575 23.39217 1.29503 curveto stroke
newpath 17.05907 14.43007 moveto
17.14494 13.65215 17.29007 12.87616 17.49573 12.10861 curveto
17.91072 10.55984 18.55643 9.10458 19.39674 7.78352 curveto
19.32953 9.34775 19.49797 10.93091 19.91296 12.47968 curveto
20.11862 13.24722 20.38094 13.9918 20.69554 14.70845 curveto
 closepath fill
newpath 26.89908 49.81308 moveto
26.89908 50.34155 26.68912 50.84831 26.31546 51.22198 curveto
25.94179 51.59564 25.43503 51.8056 24.90656 51.8056 curveto
24.37808 51.8056 23.87132 51.59564 23.49765 51.22198 curveto
23.124 50.84831 22.91403 50.34155 22.91403 49.81308 curveto
22.91403 49.2846 23.124 48.77785 23.49765 48.40417 curveto
23.87132 48.03052 24.37808 47.82056 24.90656 47.82056 curveto
25.43503 47.82056 25.94179 48.03052 26.31546 48.40417 curveto
26.68912 48.77785 26.89908 49.2846 26.89908 49.81308 curveto closepath
gsave fill grestore stroke
newpath 26.89908 0 moveto
26.89908 0.52847 26.68912 1.03523 26.31546 1.4089 curveto
25.94179 1.78256 25.43503 1.99252 24.90656 1.99252 curveto
24.37808 1.99252 23.87132 1.78256 23.49765 1.4089 curveto
23.124 1.03523 22.91403 0.52847 22.91403 0 curveto
22.91403 -0.52847 23.124 -1.03523 23.49765 -1.4089 curveto
23.87132 -1.78256 24.37808 -1.99252 24.90656 -1.99252 curveto
25.43503 -1.99252 25.94179 -1.78256 26.31546 -1.4089 curveto
26.68912 -1.03523 26.89908 -0.52847 26.89908 0 curveto closepath
gsave fill grestore stroke
newpath 26.89908 24.90654 moveto
26.89908 25.43501 26.68912 25.94177 26.31546 26.31544 curveto
25.94179 26.6891 25.43503 26.89906 24.90656 26.89906 curveto
24.37808 26.89906 23.87132 26.6891 23.49765 26.31544 curveto
23.124 25.94177 22.91403 25.43501 22.91403 24.90654 curveto
22.91403 24.37807 23.124 23.8713 23.49765 23.49763 curveto
23.87132 23.12398 24.37808 22.91402 24.90656 22.91402 curveto
25.43503 22.91402 25.94179 23.12398 26.31546 23.49763 curveto
26.68912 23.8713 26.89908 24.37807 26.89908 24.90654 curveto closepath
gsave fill grestore stroke
showpage
%%EOF
