%!PS
%%BoundingBox: 0 0 50 50 
%%HiResBoundingBox: 0 0 49.81308 49.81308 
%%Creator: MetaPost 2.00
%%CreationDate: 2019.01.31:1620
%%Pages: 1
%%BeginProlog
%%EndProlog
%%Page: 1 1
 0 0 0 setrgbcolor 0 0.99626 dtransform truncate idtransform setlinewidth pop
 [] 0 setdash 1 setlinecap 1 setlinejoin 10 setmiterlimit
newpath 26.83203 49.30089 moveto
37.4571 46.02802 44.8321 36.17812 44.83224 24.9069 curveto
44.83238 13.63544 37.45737 3.78517 26.83206 0.51222 curveto stroke
newpath 42.88438 27.1104 moveto
43.15518 26.3772 43.39429 25.62634 43.59987 24.85918 curveto
44.01443 23.31203 44.27773 21.75406 44.39734 20.2026 curveto
45.06947 21.60602 45.62045 23.0869 46.03499 24.63405 curveto
46.24054 25.40121 46.4089 26.17105 46.54097 26.94142 curveto
 closepath fill
newpath 22.98114 49.30083 moveto
12.35638 46.02766 4.98177 36.17789 4.98163 24.9069 curveto
4.98149 13.63568 12.35614 3.78554 22.9811 0.51227 curveto stroke
newpath 3.27293 26.94138 moveto
3.405 26.17102 3.57336 25.40121 3.7789 24.63406 curveto
4.19344 23.08693 4.7444 21.60608 5.41652 20.2027 curveto
5.53615 21.75412 5.79942 23.31206 6.21399 24.85919 curveto
6.41956 25.62631 6.65866 26.37717 6.92946 27.11035 curveto
 closepath fill
newpath 23.39217 1.29503 moveto
20.39955 4.20575 18.67992 8.22295 18.67992 12.4533 curveto
18.67992 16.68362 20.39955 20.7008 23.39217 23.61153 curveto stroke
newpath 20.69554 10.1981 moveto
20.38094 10.91475 20.11862 11.65933 19.91296 12.42688 curveto
19.49797 13.97565 19.32953 15.5588 19.39674 17.12303 curveto
18.55643 15.80197 17.91072 14.34671 17.49573 12.79794 curveto
17.29007 12.0304 17.14494 11.25441 17.05907 10.47649 curveto
 closepath fill
newpath 26.42078 1.29486 moveto
29.4135 4.2056 31.1332 8.22287 31.1332 12.4533 curveto
31.1332 16.68362 29.41356 20.7008 26.42094 23.61153 curveto stroke
newpath 32.75406 10.47644 moveto
32.66818 11.2544 32.52306 12.03038 32.31738 12.79794 curveto
31.90239 14.34671 31.25668 15.80197 30.41637 17.12303 curveto
30.48358 15.5588 30.31514 13.97565 29.90015 12.42688 curveto
29.69447 11.65932 29.43216 10.91473 29.11755 10.19806 curveto
 closepath fill
newpath 23.39217 26.20157 moveto
20.39955 29.11229 18.67992 33.12947 18.67992 37.35982 curveto
18.67992 41.59015 20.39955 45.60733 23.39217 48.51805 curveto stroke
newpath 20.69554 35.10463 moveto
20.38094 35.82127 20.11862 36.56586 19.91296 37.3334 curveto
19.49797 38.88217 19.32953 40.46533 19.39674 42.02956 curveto
18.55643 40.7085 17.91072 39.25323 17.49573 37.70447 curveto
17.29007 36.93692 17.14494 36.16093 17.05907 35.38301 curveto
 closepath fill
newpath 26.42094 26.20157 moveto
29.41356 29.11229 31.1332 33.12947 31.1332 37.35982 curveto
31.1332 41.59015 29.41356 45.60733 26.42094 48.51805 curveto stroke
newpath 32.75404 35.38301 moveto
32.66817 36.16093 32.52304 36.93692 32.31738 37.70447 curveto
31.90239 39.25323 31.25668 40.7085 30.41637 42.02956 curveto
30.48358 40.46533 30.31514 38.88217 29.90015 37.3334 curveto
29.69449 36.56586 29.43217 35.82127 29.11757 35.10463 curveto
 closepath fill
newpath 26.89908 49.81308 moveto
26.89908 50.34155 26.68912 50.84831 26.31546 51.22198 curveto
25.94179 51.59564 25.43503 51.8056 24.90656 51.8056 curveto
24.37808 51.8056 23.87132 51.59564 23.49765 51.22198 curveto
23.124 50.84831 22.91403 50.34155 22.91403 49.81308 curveto
22.91403 49.2846 23.124 48.77785 23.49765 48.40417 curveto
23.87132 48.03052 24.37808 47.82056 24.90656 47.82056 curveto
25.43503 47.82056 25.94179 48.03052 26.31546 48.40417 curveto
26.68912 48.77785 26.89908 49.2846 26.89908 49.81308 curveto closepath
gsave fill grestore stroke
newpath 26.89908 0 moveto
26.89908 0.52847 26.68912 1.03523 26.31546 1.4089 curveto
25.94179 1.78256 25.43503 1.99252 24.90656 1.99252 curveto
24.37808 1.99252 23.87132 1.78256 23.49765 1.4089 curveto
23.124 1.03523 22.91403 0.52847 22.91403 0 curveto
22.91403 -0.52847 23.124 -1.03523 23.49765 -1.4089 curveto
23.87132 -1.78256 24.37808 -1.99252 24.90656 -1.99252 curveto
25.43503 -1.99252 25.94179 -1.78256 26.31546 -1.4089 curveto
26.68912 -1.03523 26.89908 -0.52847 26.89908 0 curveto closepath
gsave fill grestore stroke
newpath 26.89908 24.90654 moveto
26.89908 25.43501 26.68912 25.94177 26.31546 26.31544 curveto
25.94179 26.6891 25.43503 26.89906 24.90656 26.89906 curveto
24.37808 26.89906 23.87132 26.6891 23.49765 26.31544 curveto
23.124 25.94177 22.91403 25.43501 22.91403 24.90654 curveto
22.91403 24.37807 23.124 23.8713 23.49765 23.49763 curveto
23.87132 23.12398 24.37808 22.91402 24.90656 22.91402 curveto
25.43503 22.91402 25.94179 23.12398 26.31546 23.49763 curveto
26.68912 23.8713 26.89908 24.37807 26.89908 24.90654 curveto closepath
gsave fill grestore stroke
showpage
%%EOF
